0 0.614416 0.672265 0.083667 0.030664
1 0.588315 0.672265 0.009296 0.019680
1 0.596539 0.672037 0.006436 0.019222
1 0.604405 0.672037 0.008581 0.021968
1 0.618707 0.671579 0.008581 0.019222
1 0.627110 0.671579 0.007509 0.018307
1 0.633724 0.671121 0.007151 0.017391
1 0.641769 0.672265 0.008939 0.017849
0 0.058424 0.451104 0.064451 0.028540
1 0.037695 0.451773 0.005574 0.016499
1 0.043966 0.451996 0.006271 0.016054
1 0.050759 0.451550 0.006619 0.015162
1 0.059295 0.452441 0.006968 0.015162
1 0.066263 0.451327 0.006968 0.014716
1 0.071662 0.452441 0.006619 0.016945
1 0.079153 0.451773 0.009058 0.016499